4801 229 286
4802 229 286
4803 229 286
4804 229 286
4805 229 286
4806 229 286
4807 229 286
4808 229 286
4809 229 286
4810 229 286
4811 214 152
4812 214 152
4813 214 152
4814 214 152
4815 214 152
4816 214 152
4817 214 152
4818 214 152
4819 214 152
4820 214 152
4821 42 278
4822 42 278
4823 42 278
4824 42 278
4825 42 278
4826 42 278
4827 42 278
4828 42 278
4829 42 278
4830 42 278
4831 117 133
4832 117 133
4833 117 133
4834 117 133
4835 117 133
4836 117 133
4837 117 133
4838 117 133
4839 117 133
4840 117 133
4841 117 125
4842 117 125
4843 117 125
4844 117 125
4845 117 125
4846 117 125
4847 117 125
4848 117 125
4849 117 125
4850 117 125
4851 248 223
4852 248 223
4853 248 223
4854 248 223
4855 248 223
4856 248 223
4857 248 223
4858 248 223
4859 248 223
4860 248 223
4861 18 112
4862 18 112
4863 18 112
4864 18 112
4865 18 112
4866 18 112
4867 18 112
4868 18 112
4869 18 112
4870 18 112
4871 254 15
4872 254 15
4873 254 15
4874 254 15
4875 254 15
4876 254 15
4877 254 15
4878 254 15
4879 254 15
4880 254 15
4881 184 102
4882 184 102
4883 184 102
4884 184 102
4885 184 102
4886 184 102
4887 184 102
4888 184 102
4889 184 102
4890 184 102
4891 184 44
4892 184 44
4893 184 44
4894 184 44
4895 184 44
4896 184 44
4897 184 44
4898 184 44
4899 184 44
4900 184 44
4901 184 257
4902 184 257
4903 184 257
4904 184 257
4905 184 257
4906 184 257
4907 184 257
4908 184 257
4909 184 257
4910 184 257
4911 17 274
4912 17 274
4913 17 274
4914 17 274
4915 17 274
4916 17 274
4917 17 274
4918 17 274
4919 17 274
4920 17 274
4921 260 4
4922 260 4
4923 260 4
4924 260 4
4925 260 4
4926 260 4
4927 260 4
4928 260 4
4929 260 4
4930 260 4
4931 84 10
4932 84 10
4933 84 10
4934 84 10
4935 84 10
4936 84 10
4937 84 10
4938 84 10
4939 84 10
4940 84 10
4941 84 197
4942 84 197
4943 84 197
4944 84 197
4945 84 197
4946 84 197
4947 84 197
4948 84 197
4949 84 197
4950 84 197
4951 80 270
4952 80 270
4953 80 270
4954 80 270
4955 80 270
4956 80 270
4957 80 270
4958 80 270
4959 80 270
4960 80 270
4961 152 56
4962 152 56
4963 152 56
4964 152 56
4965 152 56
4966 152 56
4967 152 56
4968 152 56
4969 152 56
4970 152 56
4971 235 65
4972 235 65
4973 235 65
4974 235 65
4975 235 65
4976 235 65
4977 235 65
4978 235 65
4979 235 65
4980 235 65
4981 112 300
4982 112 300
4983 112 300
4984 112 300
4985 112 300
4986 112 300
4987 112 300
4988 112 300
4989 112 300
4990 112 300
4991 112 15
4992 112 15
4993 112 15
4994 112 15
4995 112 15
4996 112 15
4997 112 15
4998 112 15
4999 112 15
5000 112 15
5001 215 8
5002 215 8
5003 215 8
5004 215 8
5005 215 8
5006 215 8
5007 215 8
5008 215 8
5009 215 8
5010 215 8
5011 215 59
5012 215 59
5013 215 59
5014 215 59
5015 215 59
5016 215 59
5017 215 59
5018 215 59
5019 215 59
5020 215 59
5021 189 207
5022 189 207
5023 189 207
5024 189 207
5025 189 207
5026 189 207
5027 189 207
5028 189 207
5029 189 207
5030 189 207
5031 187 257
5032 187 257
5033 187 257
5034 187 257
5035 187 257
5036 187 257
5037 187 257
5038 187 257
5039 187 257
5040 187 257
5041 81 164
5042 81 164
5043 81 164
5044 81 164
5045 81 164
5046 81 164
5047 81 164
5048 81 164
5049 81 164
5050 81 164
5051 242 293
5052 242 293
5053 242 293
5054 242 293
5055 242 293
5056 242 293
5057 242 293
5058 242 293
5059 242 293
5060 242 293
5061 55 155
5062 55 155
5063 55 155
5064 55 155
5065 55 155
5066 55 155
5067 55 155
5068 55 155
5069 55 155
5070 55 155
5071 55 38
5072 55 38
5073 55 38
5074 55 38
5075 55 38
5076 55 38
5077 55 38
5078 55 38
5079 55 38
5080 55 38
5081 168 95
5082 168 95
5083 168 95
5084 168 95
5085 168 95
5086 168 95
5087 168 95
5088 168 95
5089 168 95
5090 168 95
5091 129 202
5092 129 202
5093 129 202
5094 129 202
5095 129 202
5096 129 202
5097 129 202
5098 129 202
5099 129 202
5100 129 202
5101 177 110
5102 177 110
5103 177 110
5104 177 110
5105 177 110
5106 177 110
5107 177 110
5108 177 110
5109 177 110
5110 177 110
5111 39 88
5112 39 88
5113 39 88
5114 39 88
5115 39 88
5116 39 88
5117 39 88
5118 39 88
5119 39 88
5120 39 88
5121 58 140
5122 58 140
5123 58 140
5124 58 140
5125 58 140
5126 58 140
5127 58 140
5128 58 140
5129 58 140
5130 58 140
5131 239 271
5132 239 271
5133 239 271
5134 239 271
5135 239 271
5136 239 271
5137 239 271
5138 239 271
5139 239 271
5140 239 271
5141 126 75
5142 126 75
5143 126 75
5144 126 75
5145 126 75
5146 126 75
5147 126 75
5148 126 75
5149 126 75
5150 126 75
5151 126 114
5152 126 114
5153 126 114
5154 126 114
5155 126 114
5156 126 114
5157 126 114
5158 126 114
5159 126 114
5160 126 114
5161 165 230
5162 165 230
5163 165 230
5164 165 230
5165 165 230
5166 165 230
5167 165 230
5168 165 230
5169 165 230
5170 165 230
5171 35 164
5172 35 164
5173 35 164
5174 35 164
5175 35 164
5176 35 164
5177 35 164
5178 35 164
5179 35 164
5180 35 164
5181 35 222
5182 35 222
5183 35 222
5184 35 222
5185 35 222
5186 35 222
5187 35 222
5188 35 222
5189 35 222
5190 35 222
5191 287 24
5192 287 24
5193 287 24
5194 287 24
5195 287 24
5196 287 24
5197 287 24
5198 287 24
5199 287 24
5200 287 24
5201 287 159
5202 287 159
5203 287 159
5204 287 159
5205 287 159
5206 287 159
5207 287 159
5208 287 159
5209 287 159
5210 287 159
5211 4 82
5212 4 82
5213 4 82
5214 4 82
5215 4 82
5216 4 82
5217 4 82
5218 4 82
5219 4 82
5220 4 82
5221 4 181
5222 4 181
5223 4 181
5224 4 181
5225 4 181
5226 4 181
5227 4 181
5228 4 181
5229 4 181
5230 4 181
5231 4 104
5232 4 104
5233 4 104
5234 4 104
5235 4 104
5236 4 104
5237 4 104
5238 4 104
5239 4 104
5240 4 104
5241 37 73
5242 37 73
5243 37 73
5244 37 73
5245 37 73
5246 37 73
5247 37 73
5248 37 73
5249 37 73
5250 37 73
5251 43 228
5252 43 228
5253 43 228
5254 43 228
5255 43 228
5256 43 228
5257 43 228
5258 43 228
5259 43 228
5260 43 228
5261 43 113
5262 43 113
5263 43 113
5264 43 113
5265 43 113
5266 43 113
5267 43 113
5268 43 113
5269 43 113
5270 43 113
5271 43 6
5272 43 6
5273 43 6
5274 43 6
5275 43 6
5276 43 6
5277 43 6
5278 43 6
5279 43 6
5280 43 6
5281 65 61
5282 65 61
5283 65 61
5284 65 61
5285 65 61
5286 65 61
5287 65 61
5288 65 61
5289 65 61
5290 65 61
5291 150 29
5292 150 29
5293 150 29
5294 150 29
5295 150 29
5296 150 29
5297 150 29
5298 150 29
5299 150 29
5300 150 29
5301 46 206
5302 46 206
5303 46 206
5304 46 206
5305 46 206
5306 46 206
5307 46 206
5308 46 206
5309 46 206
5310 46 206
5311 282 211
5312 282 211
5313 282 211
5314 282 211
5315 282 211
5316 282 211
5317 282 211
5318 282 211
5319 282 211
5320 282 211
5321 206 279
5322 206 279
5323 206 279
5324 206 279
5325 206 279
5326 206 279
5327 206 279
5328 206 279
5329 206 279
5330 206 279
5331 127 73
5332 127 73
5333 127 73
5334 127 73
5335 127 73
5336 127 73
5337 127 73
5338 127 73
5339 127 73
5340 127 73
5341 166 233
5342 166 233
5343 166 233
5344 166 233
5345 166 233
5346 166 233
5347 166 233
5348 166 233
5349 166 233
5350 166 233
5351 179 98
5352 179 98
5353 179 98
5354 179 98
5355 179 98
5356 179 98
5357 179 98
5358 179 98
5359 179 98
5360 179 98
5361 277 218
5362 277 218
5363 277 218
5364 277 218
5365 277 218
5366 277 218
5367 277 218
5368 277 218
5369 277 218
5370 277 218
5371 102 297
5372 102 297
5373 102 297
5374 102 297
5375 102 297
5376 102 297
5377 102 297
5378 102 297
5379 102 297
5380 102 297
5381 252 219
5382 252 219
5383 252 219
5384 252 219
5385 252 219
5386 252 219
5387 252 219
5388 252 219
5389 252 219
5390 252 219
5391 252 231
5392 252 231
5393 252 231
5394 252 231
5395 252 231
5396 252 231
5397 252 231
5398 252 231
5399 252 231
5400 252 231
5401 64 209
5402 64 209
5403 64 209
5404 64 209
5405 64 209
5406 64 209
5407 64 209
5408 64 209
5409 64 209
5410 64 209
5411 64 29
5412 64 29
5413 64 29
5414 64 29
5415 64 29
5416 64 29
5417 64 29
5418 64 29
5419 64 29
5420 64 29
5421 64 107
5422 64 107
5423 64 107
5424 64 107
5425 64 107
5426 64 107
5427 64 107
5428 64 107
5429 64 107
5430 64 107
5431 300 125
5432 300 125
5433 300 125
5434 300 125
5435 300 125
5436 300 125
5437 300 125
5438 300 125
5439 300 125
5440 300 125
5441 300 186
5442 300 186
5443 300 186
5444 300 186
5445 300 186
5446 300 186
5447 300 186
5448 300 186
5449 300 186
5450 300 186
5451 253 232
5452 253 232
5453 253 232
5454 253 232
5455 253 232
5456 253 232
5457 253 232
5458 253 232
5459 253 232
5460 253 232
5461 253 123
5462 253 123
5463 253 123
5464 253 123
5465 253 123
5466 253 123
5467 253 123
5468 253 123
5469 253 123
5470 253 123
5471 8 74
5472 8 74
5473 8 74
5474 8 74
5475 8 74
5476 8 74
5477 8 74
5478 8 74
5479 8 74
5480 8 74
5481 213 291
5482 213 291
5483 213 291
5484 213 291
5485 213 291
5486 213 291
5487 213 291
5488 213 291
5489 213 291
5490 213 291
5491 213 250
5492 213 250
5493 213 250
5494 213 250
5495 213 250
5496 213 250
5497 213 250
5498 213 250
5499 213 250
5500 213 250
5501 78 162
5502 78 162
5503 78 162
5504 78 162
5505 78 162
5506 78 162
5507 78 162
5508 78 162
5509 78 162
5510 78 162
5511 78 221
5512 78 221
5513 78 221
5514 78 221
5515 78 221
5516 78 221
5517 78 221
5518 78 221
5519 78 221
5520 78 221
5521 209 201
5522 209 201
5523 209 201
5524 209 201
5525 209 201
5526 209 201
5527 209 201
5528 209 201
5529 209 201
5530 209 201
5531 209 186
5532 209 186
5533 209 186
5534 209 186
5535 209 186
5536 209 186
5537 209 186
5538 209 186
5539 209 186
5540 209 186
5541 207 205
5542 207 205
5543 207 205
5544 207 205
5545 207 205
5546 207 205
5547 207 205
5548 207 205
5549 207 205
5550 207 205
5551 45 156
5552 45 156
5553 45 156
5554 45 156
5555 45 156
5556 45 156
5557 45 156
5558 45 156
5559 45 156
5560 45 156
5561 45 63
5562 45 63
5563 45 63
5564 45 63
5565 45 63
5566 45 63
5567 45 63
5568 45 63
5569 45 63
5570 45 63
5571 191 261
5572 191 261
5573 191 261
5574 191 261
5575 191 261
5576 191 261
5577 191 261
5578 191 261
5579 191 261
5580 191 261
5581 191 263
5582 191 263
5583 191 263
5584 191 263
5585 191 263
5586 191 263
5587 191 263
5588 191 263
5589 191 263
5590 191 263
5591 96 218
5592 96 218
5593 96 218
5594 96 218
5595 96 218
5596 96 218
5597 96 218
5598 96 218
5599 96 218
5600 96 218
5601 96 148
5602 96 148
5603 96 148
5604 96 148
5605 96 148
5606 96 148
5607 96 148
5608 96 148
5609 96 148
5610 96 148
5611 268 274
5612 268 274
5613 268 274
5614 268 274
5615 268 274
5616 268 274
5617 268 274
5618 268 274
5619 268 274
5620 268 274
5621 196 221
5622 196 221
5623 196 221
5624 196 221
5625 196 221
5626 196 221
5627 196 221
5628 196 221
5629 196 221
5630 196 221
5631 196 67
5632 196 67
5633 196 67
5634 196 67
5635 196 67
5636 196 67
5637 196 67
5638 196 67
5639 196 67
5640 196 67
5641 216 98
5642 216 98
5643 216 98
5644 216 98
5645 216 98
5646 216 98
5647 216 98
5648 216 98
5649 216 98
5650 216 98
5651 246 120
5652 246 120
5653 246 120
5654 246 120
5655 246 120
5656 246 120
5657 246 120
5658 246 120
5659 246 120
5660 246 120
5661 256 113
5662 256 113
5663 256 113
5664 256 113
5665 256 113
5666 256 113
5667 256 113
5668 256 113
5669 256 113
5670 256 113
5671 227 241
5672 227 241
5673 227 241
5674 227 241
5675 227 241
5676 227 241
5677 227 241
5678 227 241
5679 227 241
5680 227 241
5681 13 154
5682 13 154
5683 13 154
5684 13 154
5685 13 154
5686 13 154
5687 13 154
5688 13 154
5689 13 154
5690 13 154
5691 13 148
5692 13 148
5693 13 148
5694 13 148
5695 13 148
5696 13 148
5697 13 148
5698 13 148
5699 13 148
5700 13 148
5701 71 30
5702 71 30
5703 71 30
5704 71 30
5705 71 30
5706 71 30
5707 71 30
5708 71 30
5709 71 30
5710 71 30
5711 27 2
5712 27 2
5713 27 2
5714 27 2
5715 27 2
5716 27 2
5717 27 2
5718 27 2
5719 27 2
5720 27 2
5721 36 113
5722 36 113
5723 36 113
5724 36 113
5725 36 113
5726 36 113
5727 36 113
5728 36 113
5729 36 113
5730 36 113
5731 203 205
5732 203 205
5733 203 205
5734 203 205
5735 203 205
5736 203 205
5737 203 205
5738 203 205
5739 203 205
5740 203 205
5741 203 238
5742 203 238
5743 203 238
5744 203 238
5745 203 238
5746 203 238
5747 203 238
5748 203 238
5749 203 238
5750 203 238
5751 135 149
5752 135 149
5753 135 149
5754 135 149
5755 135 149
5756 135 149
5757 135 149
5758 135 149
5759 135 149
5760 135 149
5761 135 241
5762 135 241
5763 135 241
5764 135 241
5765 135 241
5766 135 241
5767 135 241
5768 135 241
5769 135 241
5770 135 241
5771 154 295
5772 154 295
5773 154 295
5774 154 295
5775 154 295
5776 154 295
5777 154 295
5778 154 295
5779 154 295
5780 154 295
5781 154 236
5782 154 236
5783 154 236
5784 154 236
5785 154 236
5786 154 236
5787 154 236
5788 154 236
5789 154 236
5790 154 236
5791 154 123
5792 154 123
5793 154 123
5794 154 123
5795 154 123
5796 154 123
5797 154 123
5798 154 123
5799 154 123
5800 154 123
5801 103 299
5802 103 299
5803 103 299
5804 103 299
5805 103 299
5806 103 299
5807 103 299
5808 103 299
5809 103 299
5810 103 299
5811 73 155
5812 73 155
5813 73 155
5814 73 155
5815 73 155
5816 73 155
5817 73 155
5818 73 155
5819 73 155
5820 73 155
5821 156 210
5822 156 210
5823 156 210
5824 156 210
5825 156 210
5826 156 210
5827 156 210
5828 156 210
5829 156 210
5830 156 210
5831 156 212
5832 156 212
5833 156 212
5834 156 212
5835 156 212
5836 156 212
5837 156 212
5838 156 212
5839 156 212
5840 156 212
5841 149 181
5842 149 181
5843 149 181
5844 149 181
5845 149 181
5846 149 181
5847 149 181
5848 149 181
5849 149 181
5850 149 181
5851 149 240
5852 149 240
5853 149 240
5854 149 240
5855 149 240
5856 149 240
5857 149 240
5858 149 240
5859 149 240
5860 149 240
5861 262 257
5862 262 257
5863 262 257
5864 262 257
5865 262 257
5866 262 257
5867 262 257
5868 262 257
5869 262 257
5870 262 257
5871 232 86
5872 232 86
5873 232 86
5874 232 86
5875 232 86
5876 232 86
5877 232 86
5878 232 86
5879 232 86
5880 232 86
5881 194 97
5882 194 97
5883 194 97
5884 194 97
5885 194 97
5886 194 97
5887 194 97
5888 194 97
5889 194 97
5890 194 97
5891 121 83
5892 121 83
5893 121 83
5894 121 83
5895 121 83
5896 121 83
5897 121 83
5898 121 83
5899 121 83
5900 121 83
5901 180 174
5902 180 174
5903 180 174
5904 180 174
5905 180 174
5906 180 174
5907 180 174
5908 180 174
5909 180 174
5910 180 174
5911 5 59
5912 5 59
5913 5 59
5914 5 59
5915 5 59
5916 5 59
5917 5 59
5918 5 59
5919 5 59
5920 5 59
5921 5 261
5922 5 261
5923 5 261
5924 5 261
5925 5 261
5926 5 261
5927 5 261
5928 5 261
5929 5 261
5930 5 261
5931 192 176
5932 192 176
5933 192 176
5934 192 176
5935 192 176
5936 192 176
5937 192 176
5938 192 176
5939 192 176
5940 192 176
5941 164 91
5942 164 91
5943 164 91
5944 164 91
5945 164 91
5946 164 91
5947 164 91
5948 164 91
5949 164 91
5950 164 91
5951 146 261
5952 146 261
5953 146 261
5954 146 261
5955 146 261
5956 146 261
5957 146 261
5958 146 261
5959 146 261
5960 146 261
5961 59 238
5962 59 238
5963 59 238
5964 59 238
5965 59 238
5966 59 238
5967 59 238
5968 59 238
5969 59 238
5970 59 238
5971 49 169
5972 49 169
5973 49 169
5974 49 169
5975 49 169
5976 49 169
5977 49 169
5978 49 169
5979 49 169
5980 49 169
5981 77 237
5982 77 237
5983 77 237
5984 77 237
5985 77 237
5986 77 237
5987 77 237
5988 77 237
5989 77 237
5990 77 237
5991 251 15
5992 251 15
5993 251 15
5994 251 15
5995 251 15
5996 251 15
5997 251 15
5998 251 15
5999 251 15
6000 251 15
6001 88 159
6002 88 159
6003 88 159
6004 88 159
6005 88 159
6006 88 159
6007 88 159
6008 88 159
6009 88 159
6010 88 159
6011 133 70
6012 133 70
6013 133 70
6014 133 70
6015 133 70
6016 133 70
6017 133 70
6018 133 70
6019 133 70
6020 133 70
6021 133 210
6022 133 210
6023 133 210
6024 133 210
6025 133 210
6026 133 210
6027 133 210
6028 133 210
6029 133 210
6030 133 210
6031 133 86
6032 133 86
6033 133 86
6034 133 86
6035 133 86
6036 133 86
6037 133 86
6038 133 86
6039 133 86
6040 133 86
6041 278 52
6042 278 52
6043 278 52
6044 278 52
6045 278 52
6046 278 52
6047 278 52
6048 278 52
6049 278 52
6050 278 52
6051 278 151
6052 278 151
6053 278 151
6054 278 151
6055 278 151
6056 278 151
6057 278 151
6058 278 151
6059 278 151
6060 278 151
6061 91 148
6062 91 148
6063 91 148
6064 91 148
6065 91 148
6066 91 148
6067 91 148
6068 91 148
6069 91 148
6070 91 148
6071 234 241
6072 234 241
6073 234 241
6074 234 241
6075 234 241
6076 234 241
6077 234 241
6078 234 241
6079 234 241
6080 234 241
6081 163 136
6082 163 136
6083 163 136
6084 163 136
6085 163 136
6086 163 136
6087 163 136
6088 163 136
6089 163 136
6090 163 136
6091 134 294
6092 134 294
6093 134 294
6094 134 294
6095 134 294
6096 134 294
6097 134 294
6098 134 294
6099 134 294
6100 134 294
6101 294 273
6102 294 273
6103 294 273
6104 294 273
6105 294 273
6106 294 273
6107 294 273
6108 294 273
6109 294 273
6110 294 273
6111 202 50
6112 202 50
6113 202 50
6114 202 50
6115 202 50
6116 202 50
6117 202 50
6118 202 50
6119 202 50
6120 202 50
6121 205 174
6122 205 174
6123 205 174
6124 205 174
6125 205 174
6126 205 174
6127 205 174
6128 205 174
6129 205 174
6130 205 174
6131 205 123
6132 205 123
6133 205 123
6134 205 123
6135 205 123
6136 205 123
6137 205 123
6138 205 123
6139 205 123
6140 205 123
6141 176 92
6142 176 92
6143 176 92
6144 176 92
6145 176 92
6146 176 92
6147 176 92
6148 176 92
6149 176 92
6150 176 92
6151 297 40
6152 297 40
6153 297 40
6154 297 40
6155 297 40
6156 297 40
6157 297 40
6158 297 40
6159 297 40
6160 297 40
6161 273 288
6162 273 288
6163 273 288
6164 273 288
6165 273 288
6166 273 288
6167 273 288
6168 273 288
6169 273 288
6170 273 288
6171 155 128
6172 155 128
6173 155 128
6174 155 128
6175 155 128
6176 155 128
6177 155 128
6178 155 128
6179 155 128
6180 155 128
6181 3 93
6182 3 93
6183 3 93
6184 3 93
6185 3 93
6186 3 93
6187 3 93
6188 3 93
6189 3 93
6190 3 93
6191 3 148
6192 3 148
6193 3 148
6194 3 148
6195 3 148
6196 3 148
6197 3 148
6198 3 148
6199 3 148
6200 3 148
6201 51 144
6202 51 144
6203 51 144
6204 51 144
6205 51 144
6206 51 144
6207 51 144
6208 51 144
6209 51 144
6210 51 144
6211 105 128
6212 105 128
6213 105 128
6214 105 128
6215 105 128
6216 105 128
6217 105 128
6218 105 128
6219 105 128
6220 105 128
6221 288 186
6222 288 186
6223 288 186
6224 288 186
6225 288 186
6226 288 186
6227 288 186
6228 288 186
6229 288 186
6230 288 186
6231 218 220
6232 218 220
6233 218 220
6234 218 220
6235 218 220
6236 218 220
6237 218 220
6238 218 220
6239 218 220
6240 218 220
6241 83 172
6242 83 172
6243 83 172
6244 83 172
6245 83 172
6246 83 172
6247 83 172
6248 83 172
6249 83 172
6250 83 172
6251 298 12
6252 298 12
6253 298 12
6254 298 12
6255 298 12
6256 298 12
6257 298 12
6258 298 12
6259 298 12
6260 298 12
6261 26 178
6262 26 178
6263 26 178
6264 26 178
6265 26 178
6266 26 178
6267 26 178
6268 26 178
6269 26 178
6270 26 178
6271 223 61
6272 223 61
6273 223 61
6274 223 61
6275 223 61
6276 223 61
6277 223 61
6278 223 61
6279 223 61
6280 223 61
6281 210 20
6282 210 20
6283 210 20
6284 210 20
6285 210 20
6286 210 20
6287 210 20
6288 210 20
6289 210 20
6290 210 20
6291 107 225
6292 107 225
6293 107 225
6294 107 225
6295 107 225
6296 107 225
6297 107 225
6298 107 225
6299 107 225
6300 107 225
