-0.0007096739
0.009095531
-0.0182838
0.002245844
-0.04588946
0.002564533
-0.04326726
-0.03062047
0.0196771
0.01554753
-0.005943246
-0.01665778
-0.04385402
0.02587111
-0.01928339
-0.001259127
-0.02377786
-0.03336434
0.01541698
-0.03389261
-0.01132727
-0.02195823
-0.04472817
0.004828473
0.003868701
-0.0001334639
0.05671248
-0.032117
-0.006860823
0.01658354
-0.04501471
-0.05768992
-0.02089766
0.01037905
0.0297923
-0.07653174
-0.03684844
0.01084267
-0.06326959
-0.0004166757
0.007978973
0.04325486
-0.003146977
-0.07852059
-0.02595827
-0.003183009
-0.02777211
-0.007461039
-0.02685176
0.002316836
-0.02189363
-0.009465379
0.05655772
0.002065364
-0.004112092
-0.002017439
-0.0358651
-0.05165144
-0.01988927
0.001793868
0.04197886
-0.02523209
-0.05279147
-0.03691565
-0.01695046
-0.02365733
0.03721886
0.01581126
0.02902998
0.003888471
-0.003069519
-0.05488949
-0.02321636
-0.0281392
-0.01271551
-0.01541123
-0.01849467
-0.04144442
-0.003723234
0.03542098
-0.02611914
0.02617806
-0.02161227
-0.02153675
0.01259545
-0.008489643
0.05285019
0.0005507586
-0.002421273
-0.0235455
0.009995014
-0.07609192
-0.04409063
-0.01721398
-0.002494527
0.05685358
-0.0128116
-0.04310399
-0.07607603
-0.03807223
0.005159139
-0.01688977
-0.009095836
-0.001692446
-0.05408048
-0.06248215
-0.04488658
-0.03379566
-0.008703267
-0.008223244
-0.003588124
-0.009772022
-0.05780745
-0.006018968
-0.01301008
0.02569496
-0.04237768
-0.01633551
0.01143702
-0.04855678
-0.02012084
0.005175892
-0.004355496
0.005270475
-0.002785411
-0.01051718
0.02530048
-0.02692495
-0.04039715
0.003865272
-0.03260494
0.0001608779
-0.01038274
-0.01076322
-0.06780747
-0.05559956
0.01630622
0.02175639
-0.01550862
-0.0278053
0.02548895
0.03437587
-0.01810848
-0.01953271
-0.02561568
-0.02876331
-0.07066121
-0.01160846
0.0009337296
-0.01270913
0.002246911
0.0284307
-0.008715589
-0.02771396
-0.02186909
-0.005090942
0.0223068
-0.06928513
-0.01664406
-0.03698057
0.0004392016
0.004796539
-0.05131025
-0.01681349
-0.01722937
-0.002573106
-0.05106678
0.01293282
-0.05336455
-0.01488014
0.03053197
0.01621818
-0.02180734
0.0319796
-0.01329999
-0.05690808
-0.03785149
-0.02119794
-0.03684187
-0.04067778
-0.01867711
-0.01473693
0.03183762
-0.02433127
-0.01774045
-0.0121332
-0.02166144
-0.04339442
-0.03099954
-0.05909213
0.02805299
-0.03956176
0.01817435
-0.01913053
-0.04543339
0.02869501
-0.0599331
-0.03873689
-0.002864602
0.007308262
0.03704103
0.01619749
-0.04750208
-0.005290384
-0.06211358
-0.01513291
-0.06231356
-0.01163715
0.006313929
-0.04667841
0.01233258
-0.05636798
-0.08937326
-0.0623809
0.0227616
-0.07079726
0.02465489
0.02034227
0.01714719
-0.06222638
0.02983413
0.001263426
-0.05829876
-0.0259407
0.01023423
-0.006132716
0.02351368
-0.05061221
-0.005535176
-0.0818054
-0.02298239
-0.01083678
0.001913473
0.0245926
-0.05227695
0.001013314
-0.07450252
0.01662902
-0.009055817
-0.01557036
-0.01273556
-0.02123114
-0.02078385
-0.00574165
0.03402262
-0.018817
-0.0364268
-0.04494075
-0.01644961
-0.05519931
-0.02114592
-0.03296331
-0.04980663
-0.04152854
-0.03384623
-0.001327099
-0.01734742
-0.04018753
-0.03400483
-0.02841976
0.01156839
-0.01760821
-0.04184109
-0.004184367
-0.03011618
-0.03411747
-0.04628194
-0.06996441
-0.03982212
0.00474054
-0.01029341
-0.0206122
0.01143162
0.0006411657
0.003550758
-0.0750484
0.01656488
0.01475854
-1.910581e-05
-0.02866629
0.01984956
-0.04085971
-0.02919018
-0.02165142
-0.02044188
-0.02670598
-0.03479544
0.04692368
-0.04751911
-0.03784776
-0.01238366
-0.005848171
-0.04405557
-0.02551682
0.009434231
-0.04590323
0.03700307
-0.02150258
-0.004739652
-0.004897929
-0.02189089
-0.02583267
0.02329994
-0.001155518
-0.01617121
-0.07272773
0.01162381
-0.03929014
-0.01308725
-0.0288437
-0.002067628
0.0196994
-0.01528825
-0.01064236
-0.04598971
-0.06455989
-0.05633958
0.01425149
-0.05599944
-0.01071495
0.02241111
0.03979162
0.00790067
0.01549387
0.03859473
-0.02021539
-0.05084689
-0.008854386
-0.07576618
-0.01091205
-0.007706255
-0.03039773
-0.04085647
-0.03350549
-0.006744887
-0.008780989
0.02800849
-0.06423894
-0.002642084
0.00727816
-0.02202867
-0.008703791
-0.07205667
-0.02081523
0.02679838
-0.06913124
0.02865293
-0.02268985
0.001652485
-0.03557467
-0.004401317
-0.00766124
-0.02012109
-0.0307717
0.02454245
-0.02794712
-0.02659202
-0.04379826
-0.01587157
0.01514194
0.01849008
-0.006205032
-0.0565674
-0.04744163
-0.02470448
0.01395413
0.05679809
-0.01217413
-0.03371982
-0.03616932
-0.01872822
0.01515162
-0.001875882
-0.04127181
-0.04471111
-0.02763481
-0.03443128
-0.007266128
-0.02766543
-0.05613715
0.01176425
-0.06024022
-0.004822585
0.0006258829
0.006488382
-0.05067194
-0.00416706
-0.02497279
-0.02392885
-0.01360389
-0.02714626
-0.02545753
-0.05491974
-0.04640702
-0.04113967
0.002029377
-0.02872954
-0.006563912
-0.02440268
0.00148459
-0.07529838
0.0004882975
-0.02675709
0.03157735
-0.01343834
0.006553824
-0.0002809988
-0.04161669
-0.00417016
0.03914425
-0.03063664
0.004778564
-0.002960573
0.003850965
0.03649097
-0.02635627
-0.03494282
0.03153351
-0.04385216
-0.02033034
-0.03735559
-0.01463184
0.02035282
-0.009383691
-0.01207515
-0.04070681
-0.02877212
-0.04639472
-0.03613381
0.0179637
-0.001459833
-0.01819916
-0.04903757
-0.00539568
0.03765567
-0.01436343
-0.0237371
-0.03282059
0.01330827
0.0048242
-0.003646975
-0.01519294
-0.0684379
-0.02991951
-0.06714712
-0.03941727
-0.003885265
0.004479074
-0.01203174
-0.02230937
-0.01243083
-0.002870121
-0.008818573
0.008862639
-3.1677e-06
-0.04489331
-0.009574087
-0.04423926
-0.007627982
0.004478255
0.001297234
-0.008264372
-0.03456593
-0.01707331
-0.01543876
-0.02875173
-0.06464007
-0.06191559
-0.01238342
-0.06021563
-0.007345239
-0.01755088
-0.05234287
-0.01542752
-0.02370324
-0.005061471
0.03870067
0.015548
-0.06551267
0.000528751
-0.01185972
-0.04303956
0.002798871
0.027121
-0.05028559
-0.01721928
-0.03608595
-0.03396029
-0.04675828
0.008013154
0.005392074
0.02434517
-0.03443853
-0.03204934
-0.04676386
0.0297134
-0.01585242
0.005583155
-0.01713194
-0.03440754
