0.5390981
0.4105443
0.515581
0.4655476
0.5343462
0.4813099
0.4636268
0.5865895
0.5158444
0.4686194
0.4711292
0.4798441
0.5505479
0.4622488
0.5046008
0.4955954
0.4959154
0.4359888
0.505384
0.5041363
0.4832041
0.5317643
0.4508094
0.4722874
0.4412734
0.524864
0.4703391
0.4698003
0.4712452
0.4875287
0.5141114
0.4862776
0.4773992
0.4676375
0.565459
0.5757733
0.5477647
0.4386203
0.4962311
0.5183291
0.5334013
0.5140006
0.4559816
0.5879366
0.4921352
0.4289796
0.5143087
0.4724918
0.493031
0.5059548
0.546317
0.4802313
0.486771
0.4889713
0.4988527
0.5449934
0.5075194
0.5641712
0.5358503
0.504565
0.5465511
0.491375
0.4942659
0.4915076
0.4545373
0.5129057
0.4736244
0.4664516
0.4779067
0.5040923
0.5068885
0.5204795
0.4579207
0.5061229
0.5161924
0.5300188
0.5002704
0.5104158
0.4715016
0.4892336
0.5351985
0.498803
0.5666962
0.4685983
0.4639115
0.4402643
0.4803204
0.4693591
0.4810623
0.5367714
0.4910514
0.4526821
0.5011691
0.5342645
0.456953
0.4617913
0.523958
0.570604
0.5415011
0.5293398
0.5099438
0.4930737
0.5006957
0.5912425
0.5114391
0.5292371
0.4990169
0.4034542
0.4761439
0.4746131
0.5000328
0.4751751
0.4732052
0.4676202
0.4810649
0.4681977
0.5909317
0.5158307
0.5164901
0.5559557
0.5278438
0.4619855
0.4824514
0.4901212
0.5484253
0.4853911
0.5026069
0.50063
0.4839228
0.5571344
0.4350647
0.4873689
0.4521702
0.4641038
0.4749952
0.4867626
0.4700897
0.4809864
0.5340056
0.5173005
0.5007944
0.5219338
0.5174044
0.4946989
0.4570132
0.452366
0.4280127
0.5657566
0.4744467
0.4738068
0.4872917
0.4731061
0.465565
0.5013159
0.4639629
0.538529
0.4712101
0.5392554
0.5713079
0.5545161
0.4523434
0.4667153
0.492022
0.5559911
0.4854674
0.5636624
0.4631925
0.4604135
0.5288317
0.4620455
0.4959777
0.5013581
0.5184918
0.4979755
0.4589286
0.5200557
0.4613295
0.5025561
0.4872708
0.5010827
0.4798371
0.4442283
0.5110466
0.4899183
0.4731314
0.4798441
0.4875092
0.4658851
0.4651596
0.5584931
0.5230832
0.4918998
0.5365404
0.5096304
0.5002395
0.5169662
0.4848591
0.5615612
0.5232805
0.5328428
0.464056
0.4966196
0.4724537
0.4411842
0.5297571
0.5360482
0.4934664
0.497764
0.456208
0.5111302
0.4829402
0.5291472
0.546051
0.5207242
0.5233055
0.5070117
0.5299831
0.5312933
0.488698
0.5047377
0.489892
0.4674567
0.5177496
0.4851059
0.466868
0.4943677
0.4830752
0.4787871
0.5464108
0.4912423
0.5279432
0.5500492
0.4806303
0.4812089
0.5178032
0.4646908
0.5074135
0.4671674
0.5543984
0.4878157
0.5786659
0.503155
0.5321165
0.4283301
0.5186539
0.5554417
0.5099063
0.482389
0.5160386
0.4894279
0.4533438
0.510933
0.4982959
0.4718268
0.4697723
0.4568965
0.4712351
0.4821764
0.5622111
0.533234
0.4798692
0.4683245
0.4458702
0.5170575
0.4496929
0.451785
0.462259
0.4863023
0.5758523
0.4539136
0.4549032
0.4589644
0.4676111
0.3961244
0.4990239
0.5077515
0.4639589
0.4436252
0.4804033
0.4852915
0.5209855
0.4326325
0.495979
0.4421908
0.5092841
0.4737265
0.4665492
0.5245628
0.488533
0.4728469
0.4929217
0.5187747
0.4552496
0.4953957
0.5177276
0.4424417
0.4658834
0.4976007
0.5988265
0.5499175
0.4418537
0.4975549
0.5018564
0.5620731
0.4899466
0.5317471
0.5070285
0.4429351
0.5215515
0.4699058
0.5313224
0.5436411
0.4649192
0.489632
0.509222
0.5529906
0.5681748
0.4866567
0.483035
0.5048769
0.5136864
0.4901073
0.4879396
0.5287234
0.5673083
0.5101682
0.4652128
0.4656752
0.4693477
0.4581197
0.4639535
0.5465449
0.4755574
0.5280652
0.4603432
0.5649103
0.4728037
0.5621312
0.451294
0.453889
0.4499566
0.5170368
0.4974993
0.511888
0.5398863
0.4769517
0.5054705
0.4774209
0.4858296
0.539705
0.4676055
0.468525
0.5106148
0.5090427
0.4947479
0.4840526
0.4552947
0.5506698
0.521399
0.4652077
0.5621368
0.4860363
0.526125
0.4675918
0.4816147
0.490181
0.4566945
0.4629426
0.5071583
0.4559837
0.5449776
0.5483929
0.4958852
0.5037794
0.4685178
0.5219792
0.4918406
0.4442632
0.4348789
0.4798273
0.4631711
0.5050849
0.4695859
0.4602064
0.4548469
0.5096991
0.5063709
0.5457725
0.4864847
0.5206723
0.5997153
0.5325902
0.4960315
0.4952226
0.4910966
0.5147129
0.487327
0.5140073
0.475917
0.4583178
0.5762343
0.5235042
0.4661272
0.4581643
0.4747443
0.5648345
0.562594
0.4526448
0.4940108
0.4892924
0.5043691
0.5229195
0.4772786
0.4809523
0.4946509
0.4806553
0.5075798
0.4600723
0.4510078
0.5083678
0.4972018
0.5645703
0.5640109
0.4769212
0.5251362
0.4511545
0.5262517
0.4784029
0.4765948
0.4507527
0.5025018
0.4943753
0.5423216
0.4746843
0.5181117
0.5205413
0.4809844
0.495124
0.5073194
0.524667
0.5050702
0.4427495
0.5279296
0.5518355
0.5236875
0.5177247
0.5532161
0.5505163
0.492569
0.5538985
0.5170516
0.5506212
0.4687198
0.5211816
0.4589734
0.5743492
0.526273
0.5498365
0.5030936
0.4749988
0.5425827
0.5950576
0.4863846
0.5208106
0.4718042
0.5097179
0.4689978
0.4955124
0.5048209
0.5377372
0.5417874
0.5645711
0.5163435
0.5340533
0.550816
0.5287701
0.4441556
0.5237142
0.5123707
0.5476738
0.4920837
0.5520473
0.5588516
0.5238986
0.5074706
0.590467
0.4381312
0.4572586
0.5523214
0.5142707
0.5141491
0.4443139
0.4822236
0.5300602
0.4933925
0.4891924
0.5488515
0.4501506
0.5143928
0.536067
